0000_00532_b.jpg 1 145 73 72 62
0000_02187_b.jpg 1 175 116 83 78
0000_05696_b.jpg 1 190 23 83 71
0000_06886_b.jpg 1 154 79 85 76
0000_08244_b.jpg 1 181 75 79 70
0001_05318_b.jpg 1 174 52 71 61
0002_02183_b.jpg 1 212 158 70 53
0002_02554_b.jpg 1 204 145 88 79
0003_02063_b.jpg 1 154 132 82 66
0003_07398_b.jpg 1 206 198 75 61
0004_06801_b.jpg 1 132 215 80 64
0005_00490_b.jpg 1 152 38 78 66
0005_00512_b.jpg 1 205 155 78 63
0005_02171_b.jpg 1 154 113 78 63
0006_05286_b.jpg 1 190 145 86 77
0006_06035_b.jpg 1 203 129 81 71
0006_06797_b.jpg 1 213 82 72 65
0007_02188_b.jpg 1 235 153 91 81
0007_05159_b.jpg 1 187 161 83 71
0009_00490_b.jpg 1 208 103 80 66
0009_02194_b.jpg 1 146 137 86 73
0009_05325_b.jpg 1 178 86 79 61
0010_00004_b.jpg 1 196 139 78 66
0010_02063_b.jpg 1 144 130 79 64
0011_00515_b.jpg 1 184 102 79 65
0012_04539_b.jpg 1 196 121 75 62
0013_05647_b.jpg 1 169 109 71 58
0014_02176_b.jpg 1 176 132 84 67
0017_00195_b.jpg 1 170 133 79 65
0018_07248_b.jpg 1 238 121 75 66
0019_01137_b.jpg 1 235 136 90 75
0019_02163_b.jpg 1 205 100 79 66
0019_06895_b.jpg 1 146 141 70 57
0020_00536_b.jpg 1 159 79 75 62
0020_02063_b.jpg 1 152 119 79 61
0020_07156_b.jpg 1 176 148 68 53
0021_06361_b.jpg 1 169 208 72 58
0022_01753_b.jpg 1 162 54 73 64
0023_05798_b.jpg 1 238 97 84 80
0025_00457_b.jpg 1 168 106 67 53
0027_06458_b.jpg 1 183 158 77 67
0028_00196_b.jpg 1 196 136 78 69
0028_07031_b.jpg 1 202 91 60 53
0028_08102_b.jpg 1 178 79 59 53
0031_07285_b.jpg 1 169 59 86 73
0036_00507_b.jpg 1 167 111 68 58
0038_01762_b.jpg 1 168 65 73 62
0038_08198_b.jpg 1 138 68 82 75
0039_01689_b.jpg 1 187 151 67 52
0039_04131_b.jpg 1 178 126 79 65
0039_05169_b.jpg 1 255 62 68 61
0041_00436_b.jpg 1 183 66 63 49
0041_00486_b.jpg 1 160 114 89 74
0041_00507_b.jpg 1 238 119 77 63
0041_00697_b.jpg 1 119 114 84 68
0041_00951_b.jpg 1 156 117 66 55
0041_04542_b.jpg 1 165 126 60 48
0041_05679_b.jpg 1 160 116 90 78
0042_01141_b.jpg 1 212 96 77 66
0042_01746_b.jpg 1 232 182 73 64
0042_01875_b.jpg 1 289 96 86 79
0042_05741_b.jpg 1 184 111 65 54
0043_01133_b.jpg 1 193 130 61 52
0043_01757_b.jpg 1 177 107 82 68
0043_01879_b.jpg 1 191 21 88 73
0044_04330_b.jpg 1 163 87 61 51
0045_01558_b.jpg 1 163 94 62 51
0045_01674_b.jpg 1 211 50 78 69
0045_01821_b.jpg 1 207 206 84 75
0046_00961_b.jpg 1 176 146 64 53
0046_01762_b.jpg 1 192 110 80 66
0046_06241_b.jpg 1 172 100 74 68
0046_06635_b.jpg 1 205 101 82 76
0047_00717_b.jpg 1 178 86 60 54
0047_00966_b.jpg 1 194 103 65 52
0047_00970_b.jpg 1 187 156 65 56
0047_01152_b.jpg 1 190 197 76 64
0047_01868_b.jpg 1 224 184 75 71
0047_03046_b.jpg 1 181 128 66 53
0048_01264_b.jpg 1 197 118 73 66
0048_01689_b.jpg 1 196 93 74 56
0048_01752_b.jpg 1 158 182 72 54
0048_02005_b.jpg 1 176 162 83 79
0049_03047_b.jpg 1 172 65 74 63
0049_04098_b.jpg 1 253 113 73 67
0049_04676_b.jpg 1 203 129 82 71
0050_01152_b.jpg 1 198 172 62 53
0051_00959_b.jpg 1 178 121 76 65
0051_01757_b.jpg 1 180 123 86 74
0052_05252_b.jpg 1 171 165 61 50
0053_01877_b.jpg 1 184 45 83 72
0053_04375_b.jpg 1 201 96 73 64
0054_00940_b.jpg 1 183 106 58 52
0054_03047_b.jpg 1 189 93 62 53
0054_04076_b.jpg 1 163 49 70 64
0054_05482_b.jpg 1 226 112 89 79
0054_05705_b.jpg 1 193 104 87 69
0054_06642_b.jpg 1 234 66 72 63
0054_06669_b.jpg 1 168 65 79 70
0055_01981_b.jpg 1 166 0 79 64
